1 0.203125 0.56796875 0.07265625 0.17734375
1 0.49140625 0.3859375 0.0265625 0.0609375
1 0.67734375 0.44140625 0.0328125 0.0703125
1 0.79453125 0.52578125 0.04375 0.11171875
1 0.84453125 0.55546875 0.06171875 0.1328125
1 0.8125 0.3984375 0.03984375 0.06875
1 0.9109375 0.34609375 0.040625 0.0703125
1 0.95234375 0.240625 0.02578125 0.04609375
1 0.89453125 0.2640625 0.03046875 0.04609375
1 0.78125 0.3046875 0.02890625 0.04609375
1 0.703125 0.2828125 0.0328125 0.059375
1 0.6609375 0.2921875 0.028125 0.04296875
1 0.5625 0.33359375 0.0359375 0.0625
1 0.73359375 0.24296875 0.02265625 0.03984375
1 0.5171875 0.325 0.0296875 0.03984375
1 0.4109375 0.2984375 0.028125 0.05234375
1 0.3296875 0.29296875 0.03203125 0.05390625
1 0.30625 0.38515625 0.025 0.04765625
1 0.2625 0.37890625 0.025 0.04296875
1 0.2140625 0.30703125 0.025 0.04609375
1 0.1484375 0.5203125 0.040625 0.10546875
1 0.06015625 0.3828125 0.0296875 0.04609375
1 0.04296875 0.49375 0.0375 0.059375
1 0.1296875 0.440625 0.0359375 0.06875
0 0.4421875 0.4515625 0.03984375 0.0640625
1 0.16484375 0.3828125 0.0296875 0.04609375