1 0.48515625 0.41640625 0.03515625 0.0828125
2 0.10234375 0.375 0.0625 0.109375
2 0.08671875 0.13671875 0.053125 0.1109375
2 0.31328125 0.2484375 0.06171875 0.10625
2 0.32890625 0.42734375 0.05 0.0921875
2 0.40234375 0.51171875 0.05390625 0.0859375
2 0.5 0.25078125 0.05234375 0.0890625
2 0.53359375 0.0453125 0.06171875 0.090625
2 0.87265625 0.0625 0.0625 0.10625
2 0.83046875 0.53984375 0.046875 0.0828125
2 0.7484375 0.4765625 0.040625 0.071875
2 0.93984375 0.51953125 0.05390625 0.0890625
2 0.9546875 0.32890625 0.03203125 0.0828125
2 0.41796875 0.109375 0.025 0.09375