1 0.77890625 0.56328125 0.06796875 0.1640625
1 0.6078125 0.4765625 0.05703125 0.0875
1 0.46015625 0.50546875 0.05390625 0.0921875
1 0.39921875 0.38203125 0.03671875 0.0703125
1 0.32109375 0.31796875 0.03515625 0.0578125
1 0.26484375 0.4828125 0.06328125 0.11875
1 0.1140625 0.41640625 0.07578125 0.0703125
1 0.540625 0.21640625 0.03515625 0.0609375
1 0.55390625 0.3328125 0.03515625 0.078125
1 0.44609375 0.334375 0.03125 0.0625
1 0.68984375 0.29140625 0.034375 0.0515625
1 0.79453125 0.33515625 0.02734375 0.0359375
1 0.725 0.27734375 0.025 0.0328125
1 0.91328125 0.35546875 0.02265625 0.1015625
1 0.94296875 0.2890625 0.02421875 0.04375
2 0.69921875 0.36484375 0.03203125 0.0734375
2 0.06328125 0.24765625 0.04609375 0.0765625