1 0.12421875 0.46640625 0.078125 0.12109375
1 0.2015625 0.653125 0.0609375 0.11640625
1 0.37578125 0.81484375 0.11328125 0.08515625
1 0.89140625 0.84375 0.184375 0.2546875
1 0.590625 0.41484375 0.06640625 0.09296875
1 0.4265625 0.37109375 0.05390625 0.08359375
1 0.06875 0.17890625 0.06328125 0.10546875
1 0.21171875 0.29296875 0.03125 0.0609375
1 0.2765625 0.09765625 0.040625 0.08046875
1 0.425 0.06796875 0.04296875 0.0703125
1 0.61953125 0.27421875 0.03359375 0.0546875
1 0.746875 0.125 0.03125 0.0578125
1 0.85625 0.125 0.03359375 0.0609375
1 0.9640625 0.1109375 0.03125 0.0359375
2 0.69375 0.31875 0.0359375 0.071875
2 0.80703125 0.3875 0.04296875 0.07265625
2 0.9359375 0.31953125 0.03984375 0.0671875