1 0.10546875 0.38125 0.10625 0.16640625
1 0.54296875 0.85078125 0.08984375 0.146875
1 0.40078125 0.5640625 0.09375 0.1625
1 0.51875 0.52578125 0.08046875 0.1375
1 0.64453125 0.5140625 0.0765625 0.13125
1 0.8171875 0.528125 0.09765625 0.18203125
1 0.9078125 0.440625 0.0625 0.11015625
1 0.98203125 0.59453125 0.0359375 0.1421875
1 0.9765625 0.2765625 0.046875 0.09375
1 0.71796875 0.45 0.07265625 0.128125
1 0.68828125 0.26015625 0.05 0.0859375
2 0.8359375 0.27578125 0.04453125 0.078125
2 0.5828125 0.2390625 0.04375 0.071875
2 0.52734375 0.28828125 0.0421875 0.06875
2 0.39140625 0.33828125 0.04375 0.0546875