1 0.115625 0.5828125 0.071875 0.1625
1 0.08046875 0.2796875 0.0765625 0.12890625
1 0.140625 0.11640625 0.05859375 0.1484375
1 0.22109375 0.51953125 0.06640625 0.165625
1 0.3390625 0.5921875 0.05546875 0.1859375
1 0.2734375 0.93203125 0.09296875 0.125
1 0.434375 0.89921875 0.09296875 0.16640625
1 0.80234375 0.678125 0.08125 0.17890625
1 0.97734375 0.45078125 0.0453125 0.1671875
1 0.85546875 0.64375 0.06171875 0.1640625
1 0.76875 0.421875 0.05859375 0.13515625
1 0.85390625 0.36484375 0.06796875 0.12890625
1 0.63125 0.58984375 0.06015625 0.1515625
1 0.5390625 0.38828125 0.06640625 0.1546875
1 0.4234375 0.36328125 0.08984375 0.16796875
1 0.60546875 0.31796875 0.08125 0.14296875
1 0.928125 0.1984375 0.05078125 0.1234375
1 0.34296875 0.24453125 0.0703125 0.13515625
2 0.53984375 0.10078125 0.05859375 0.09296875
1 0.66875 0.1265625 0.05390625 0.1265625