1 0.85 0.1640625 0.04921875 0.06328125
1 0.64296875 0.1921875 0.0328125 0.06328125
1 0.71015625 0.290625 0.03125 0.040625
0 0.4796875 0.1890625 0.05234375 0.08125
0 0.93359375 0.3 0.04375 0.0765625
0 0.115625 0.2734375 0.0453125 0.06875
1 0.090625 0.20546875 0.0375 0.05390625
1 0.81875 0.05 0.02109375 0.046875
2 0.3640625 0.2453125 0.0375 0.04921875
2 0.23671875 0.228125 0.03125 0.05078125
2 0.19765625 0.2953125 0.04375 0.06796875
2 0.0234375 0.20078125 0.040625 0.05546875
2 0.72578125 0.15703125 0.0390625 0.04921875
2 0.60625 0.2140625 0.02890625 0.05234375