1 0.3015625 0.06796875 0.046875 0.06640625
1 0.48203125 0.26796875 0.0484375 0.05234375
1 0.26328125 0.265625 0.05078125 0.05703125
1 0.82109375 0.08671875 0.0375 0.046875
1 0.82265625 0.19609375 0.04375 0.04921875
1 0.7515625 0.26171875 0.05390625 0.08125
1 0.6640625 0.26015625 0.0453125 0.06640625
1 0.08359375 0.346875 0.04375 0.06328125
1 0.26640625 0.4984375 0.040625 0.0796875
1 0.5 0.42265625 0.0421875 0.06484375
1 0.6421875 0.48828125 0.04375 0.06015625
1 0.8953125 0.34296875 0.05078125 0.06796875
1 0.934375 0.64296875 0.06015625 0.06875
1 0.559375 0.81640625 0.06171875 0.0828125
1 0.51796875 0.74453125 0.05390625 0.06484375
1 0.37734375 0.915625 0.05390625 0.0796875
1 0.121875 0.77734375 0.05703125 0.0859375
1 0.03828125 0.875 0.06171875 0.09765625
1 0.48828125 0.13828125 0.05390625 0.05390625
0 0.165625 0.70703125 0.05546875 0.0734375
2 0.08671875 0.0453125 0.040625 0.06875
2 0.08984375 0.478125 0.0359375 0.071875