2 0.57890625 0.27890625 0.04375 0.09140625
2 0.70234375 0.3359375 0.046875 0.0734375
2 0.9546875 0.3890625 0.05546875 0.08984375
2 0.446875 0.38671875 0.04921875 0.08828125
2 0.18671875 0.3578125 0.02890625 0.05078125
2 0.81796875 0.33828125 0.02890625 0.0484375
1 0.50859375 0.48515625 0.06171875 0.1109375
1 0.33984375 0.49453125 0.06015625 0.0875
1 0.67421875 0.45234375 0.05078125 0.071875
1 0.89296875 0.35234375 0.040625 0.06484375
1 0.4 0.36015625 0.0359375 0.0703125
1 0.0875 0.459375 0.046875 0.1140625
1 0.7421875 0.4421875 0.0484375 0.0859375
0 0.78828125 0.48359375 0.06484375 0.09609375
2 0.50078125 0.30546875 0.040625 0.06796875