1 0.45390625 0.5578125 0.0421875 0.0703125
1 0.71328125 0.4109375 0.05078125 0.0859375
1 0.94296875 0.29921875 0.04375 0.075
1 0.8859375 0.27578125 0.040625 0.05859375
1 0.77265625 0.30234375 0.02890625 0.071875
1 0.55859375 0.31953125 0.0359375 0.06796875
1 0.6140625 0.35390625 0.0375 0.05859375
1 0.53046875 0.309375 0.02421875 0.06015625
1 0.48046875 0.321875 0.02734375 0.05703125
1 0.35390625 0.34296875 0.034375 0.09765625
1 0.40859375 0.3265625 0.0359375 0.0734375
1 0.171875 0.3671875 0.0375 0.06796875
1 0.090625 0.309375 0.040625 0.078125
1 0.303125 0.278125 0.02578125 0.05703125
2 0.8109375 0.30390625 0.034375 0.05234375