1 0.459375 0.5703125 0.0734375 0.1515625
1 0.88203125 0.6390625 0.084375 0.1515625
2 0.34140625 0.54453125 0.071875 0.14296875
2 0.19296875 0.6015625 0.06171875 0.121875
2 0.6203125 0.6703125 0.06875 0.146875
2 0.61640625 0.50078125 0.046875 0.10390625
2 0.9640625 0.3578125 0.04921875 0.09921875
2 0.54140625 0.30390625 0.05859375 0.10078125
2 0.69609375 0.15390625 0.040625 0.0703125
2 0.25390625 0.2703125 0.05703125 0.10546875
2 0.18515625 0.428125 0.06015625 0.09609375
2 0.1265625 0.29921875 0.06171875 0.10546875