1 0.51796875 0.35546875 0.0421875 0.0734375
1 0.25859375 0.278125 0.0421875 0.05078125
1 0.18828125 0.1109375 0.02578125 0.0390625
1 0.08984375 0.228125 0.0421875 0.05703125
1 0.41875 0.14609375 0.034375 0.0453125
1 0.61953125 0.26328125 0.0375 0.05390625
1 0.66875 0.13046875 0.0296875 0.0359375
1 0.5203125 0.0890625 0.02578125 0.040625
1 0.45390625 0.0796875 0.0328125 0.0421875
1 0.75234375 0.0546875 0.0296875 0.040625
1 0.95390625 0.0953125 0.0296875 0.034375
1 0.371875 0.08984375 0.02578125 0.0359375
2 0.42265625 0.07265625 0.02265625 0.02890625
2 0.8828125 0.0609375 0.02578125 0.034375
2 0.62734375 0.02578125 0.02890625 0.0359375
2 0.5953125 0.10390625 0.02734375 0.0390625