1 0.3765625 0.45234375 0.046875 0.09609375
1 0.25703125 0.4203125 0.05078125 0.05859375
1 0.11484375 0.515625 0.05234375 0.084375
1 0.0515625 0.37734375 0.040625 0.06015625
1 0.24140625 0.22578125 0.04375 0.05546875
1 0.5109375 0.35859375 0.0453125 0.05234375
1 0.6609375 0.63203125 0.078125 0.14296875
1 0.8078125 0.55390625 0.109375 0.13984375
1 0.56328125 0.44609375 0.06015625 0.08984375
1 0.684375 0.35859375 0.06171875 0.09140625
1 0.95 0.45546875 0.04375 0.078125
1 0.8296875 0.25625 0.05234375 0.06171875
1 0.9359375 0.221875 0.0296875 0.04921875
1 0.6328125 0.19375 0.0390625 0.05390625
1 0.48125 0.2171875 0.02578125 0.04375
1 0.53515625 0.25703125 0.0296875 0.0484375
1 0.3609375 0.16796875 0.0375 0.06328125
1 0.14140625 0.1703125 0.05078125 0.05859375