1 0.4484375 0.51328125 0.04921875 0.0765625
1 0.71328125 0.36640625 0.06015625 0.075
1 0.94140625 0.25625 0.04921875 0.0765625
1 0.8828125 0.234375 0.04375 0.06328125
1 0.77109375 0.25234375 0.0328125 0.06640625
1 0.61328125 0.30625 0.0484375 0.06015625
1 0.565625 0.271875 0.04375 0.06875
1 0.53359375 0.27109375 0.0359375 0.0734375
1 0.484375 0.27734375 0.0375 0.06171875
1 0.40703125 0.2859375 0.0453125 0.0703125
1 0.3515625 0.29921875 0.0484375 0.09609375
1 0.16875 0.321875 0.040625 0.06640625
1 0.09140625 0.2640625 0.0390625 0.084375
1 0.30546875 0.23046875 0.02578125 0.05546875
2 0.809375 0.25546875 0.03125 0.05703125