1 0.40625 0.24140625 0.05859375 0.09453125
1 0.53984375 0.38671875 0.046875 0.0859375
1 0.5171875 0.23984375 0.06015625 0.0765625
1 0.64765625 0.1515625 0.0453125 0.08125
1 0.7171875 0.15390625 0.04375 0.10390625
1 0.84140625 0.1984375 0.05390625 0.084375
1 0.41171875 0.0859375 0.0390625 0.06015625
1 0.1578125 0.084375 0.0390625 0.06328125
1 0.05546875 0.11796875 0.0359375 0.05234375
1 0.20546875 0.053125 0.0359375 0.05546875
1 0.2703125 0.0296875 0.0359375 0.05078125
1 0.78984375 0.04140625 0.046875 0.05859375
1 0.28515625 0.9046875 0.1078125 0.17734375
2 0.23125 0.128125 0.0359375 0.05234375