1 0.11171875 0.2421875 0.05234375 0.078125
1 0.04453125 0.265625 0.04921875 0.075
1 0.31015625 0.29453125 0.05546875 0.06875
1 0.2375 0.3328125 0.05078125 0.0703125
1 0.15390625 0.2828125 0.046875 0.046875
1 0.27734375 0.1390625 0.05234375 0.0796875
1 0.346875 0.1875 0.05390625 0.071875
1 0.453125 0.2234375 0.05234375 0.0703125
1 0.51484375 0.28125 0.05859375 0.078125
1 0.6921875 0.28515625 0.04921875 0.06875
1 0.575 0.24921875 0.05859375 0.08125
1 0.75 0.28125 0.0359375 0.09296875
1 0.83984375 0.246875 0.05390625 0.08828125
1 0.94296875 0.23203125 0.05546875 0.0859375
1 0.49453125 0.1546875 0.0484375 0.05703125
1 0.3921875 0.3078125 0.0484375 0.078125