0 0.115625 0.521875 0.1140625 0.17890625
1 0.65546875 0.81875 0.09453125 0.17734375
1 0.4375 0.671875 0.1078125 0.159375
1 0.53671875 0.79375 0.075 0.12734375
1 0.8109375 0.7515625 0.0765625 0.13359375
1 0.73828125 0.1265625 0.03125 0.04375
1 0.678125 0.1921875 0.034375 0.0421875
1 0.53515625 0.203125 0.0359375 0.0484375
1 0.59765625 0.21640625 0.0359375 0.05078125
1 0.72265625 0.41953125 0.06640625 0.0875
1 0.6515625 0.13671875 0.0375 0.0484375
1 0.559375 0.3203125 0.05234375 0.05703125
1 0.57578125 0.15078125 0.0359375 0.040625
1 0.478125 0.43515625 0.05703125 0.0703125
1 0.51171875 0.3765625 0.03125 0.0734375
1 0.65078125 0.45625 0.05703125 0.08828125