1 0.05703125 0.1234375 0.06640625 0.10234375
1 0.17265625 0.13984375 0.06875 0.09609375
1 0.19140625 0.3921875 0.0734375 0.09921875
1 0.31171875 0.44765625 0.0796875 0.10234375
1 0.11953125 0.7515625 0.06484375 0.11875
1 0.5140625 0.6015625 0.078125 0.14609375
1 0.97578125 0.17890625 0.0484375 0.09375
1 0.97265625 0.41796875 0.0546875 0.1234375
1 0.8515625 0.3046875 0.06875 0.09921875
1 0.84140625 0.6125 0.06640625 0.11875
1 0.94609375 0.696875 0.0765625 0.1203125
1 0.81484375 0.91328125 0.0796875 0.1078125
1 0.73359375 0.7734375 0.0703125 0.12890625
1 0.60625 0.559375 0.0734375 0.109375
1 0.534375 0.9 0.08828125 0.12890625
1 0.30078125 0.79921875 0.078125 0.09609375
1 0.4265625 0.79453125 0.071875 0.10234375