2 0.81015625 0.21640625 0.0296875 0.05703125
1 0.0875 0.22265625 0.04375 0.084375
1 0.17265625 0.28046875 0.0359375 0.06796875
1 0.34921875 0.26171875 0.05234375 0.10234375
1 0.44921875 0.46953125 0.0484375 0.0796875
1 0.40703125 0.2375 0.0421875 0.06875
1 0.4796875 0.2328125 0.03125 0.06015625
1 0.52890625 0.228125 0.02421875 0.06015625
1 0.5578125 0.234375 0.034375 0.071875
1 0.6125 0.2640625 0.04375 0.06171875
1 0.7125 0.31953125 0.05703125 0.0796875
1 0.94296875 0.21171875 0.04375 0.078125
1 0.884375 0.1890625 0.040625 0.06640625
1 0.7671875 0.21015625 0.02890625 0.06875
1 0.3015625 0.18828125 0.03125 0.05234375