1 0.85 0.16328125 0.05859375 0.0796875
1 0.64609375 0.1875 0.0328125 0.0484375
1 0.70859375 0.29609375 0.03125 0.0484375
1 0.9390625 0.3 0.0421875 0.0734375
0 0.115625 0.2828125 0.05390625 0.071875
2 0.36796875 0.24375 0.0390625 0.05390625
2 0.02265625 0.20234375 0.0359375 0.05859375
2 0.2375 0.22890625 0.0390625 0.04921875
2 0.6046875 0.21171875 0.046875 0.0484375
2 0.7234375 0.1515625 0.046875 0.05703125
1 0.0921875 0.20625 0.04375 0.05859375
2 0.1984375 0.29375 0.0421875 0.06796875
1 0.815625 0.05078125 0.02109375 0.0421875