1 0.53671875 0.4171875 0.078125 0.16953125
1 0.6421875 0.41484375 0.06796875 0.13203125
1 0.7828125 0.4078125 0.05703125 0.10703125
1 0.965625 0.434375 0.05546875 0.10234375
1 0.92265625 0.1859375 0.0421875 0.075
1 0.86484375 0.21328125 0.04375 0.05390625
1 0.7609375 0.921875 0.13046875 0.14296875
1 0.41328125 0.503125 0.06640625 0.1078125
1 0.2609375 0.60546875 0.0828125 0.15
1 0.1109375 0.73046875 0.13203125 0.2640625
2 0.3015625 0.38046875 0.05859375 0.09609375
2 0.678125 0.14609375 0.0375 0.06015625