1 0.071875 0.6734375 0.1234375 0.25234375
1 0.496875 0.40703125 0.05859375 0.09296875
1 0.353125 0.17890625 0.05390625 0.08984375
1 0.25859375 0.16328125 0.0453125 0.06796875
1 0.78203125 0.47265625 0.06171875 0.0828125
1 0.94296875 0.346875 0.046875 0.06875
1 0.828125 0.18671875 0.0390625 0.06484375
1 0.69375 0.13671875 0.040625 0.078125
2 0.5546875 0.2609375 0.05703125 0.0734375
2 0.590625 0.2015625 0.0421875 0.06875
2 0.5375 0.07734375 0.0375 0.0828125
2 0.425 0.0640625 0.0390625 0.05546875
1 0.32734375 0.06015625 0.05078125 0.06875