1 0.871875 0.30078125 0.046875 0.084375
1 0.8890625 0.1515625 0.04921875 0.071875
1 0.59453125 0.25625 0.040625 0.0734375
1 0.33203125 0.5375 0.0453125 0.075
1 0.41953125 0.53203125 0.0421875 0.08125
1 0.08515625 0.51640625 0.0375 0.0828125
0 0.13515625 0.6265625 0.0390625 0.10546875
2 0.27265625 0.95546875 0.06015625 0.0890625
2 0.01796875 0.2140625 0.0296875 0.05546875
2 0.13984375 0.2359375 0.0359375 0.06875
2 0.06875 0.38515625 0.0328125 0.0703125
2 0.2609375 0.38125 0.0375 0.06015625
2 0.065625 0.1875 0.03125 0.06640625
2 0.38125 0.21640625 0.0390625 0.078125
2 0.3453125 0.1984375 0.0390625 0.06875
2 0.29609375 0.1640625 0.0421875 0.06015625
2 0.13046875 0.1796875 0.0296875 0.05234375
2 0.53671875 0.2015625 0.02734375 0.05703125
2 0.28515625 0.05 0.02421875 0.046875
2 0.1453125 0.03046875 0.02890625 0.040625
2 0.66953125 0.13125 0.040625 0.0765625
2 0.76015625 0.153125 0.0359375 0.06015625