1 0.4 0.1109375 0.02578125 0.0453125
1 0.32265625 0.24296875 0.0328125 0.04921875
1 0.421875 0.246875 0.0296875 0.046875
1 0.50234375 0.140625 0.01953125 0.03125
1 0.59609375 0.1546875 0.02421875 0.05078125
1 0.7609375 0.18828125 0.03125 0.040625
1 0.57109375 0.36875 0.0359375 0.04921875
1 0.48125 0.6234375 0.05234375 0.13828125
1 0.68828125 0.56171875 0.06328125 0.14453125
1 0.296875 0.7328125 0.10703125 0.18515625
1 0.0640625 0.9171875 0.08828125 0.125
2 0.45 0.45859375 0.04375 0.06875
2 0.6734375 0.20078125 0.03125 0.05546875
2 0.84765625 0.34296875 0.02734375 0.04921875
1 0.190625 0.79375 0.0453125 0.10703125