2 0.375 0.409375 0.02890625 0.0484375
2 0.47265625 0.41953125 0.02578125 0.0359375
2 0.44296875 0.3953125 0.02578125 0.0328125
2 0.61640625 0.43125 0.03125 0.04296875
2 0.8765625 0.4921875 0.03125 0.0390625
2 0.7203125 0.446875 0.02890625 0.04375
1 0.659375 0.4109375 0.02578125 0.0359375
1 0.5390625 0.4234375 0.0328125 0.0453125
0 0.28671875 0.4 0.034375 0.0453125
0 0.20703125 0.4 0.0328125 0.0421875
0 0.253125 0.55625 0.02734375 0.03515625
1 0.7859375 0.48515625 0.02890625 0.0390625
1 0.0734375 0.4390625 0.02421875 0.025