1 0.2625 0.1015625 0.05234375 0.06171875
1 0.08984375 0.20546875 0.0484375 0.08125
1 0.2703125 0.3828125 0.0453125 0.09296875
1 0.496875 0.2953125 0.05546875 0.0828125
1 0.4828125 0.103125 0.04375 0.0765625
1 0.66796875 0.1015625 0.046875 0.0859375
1 0.753125 0.09375 0.05546875 0.09140625
1 0.8953125 0.18671875 0.05390625 0.0734375
1 0.9359375 0.57265625 0.05390625 0.084375
1 0.56875 0.7859375 0.05859375 0.1078125
1 0.5203125 0.690625 0.05859375 0.0828125
1 0.6421875 0.378125 0.046875 0.0828125
1 0.37890625 0.909375 0.06640625 0.10390625
1 0.1234375 0.72890625 0.05703125 0.10546875
1 0.04140625 0.853125 0.06484375 0.1109375
0 0.1671875 0.64453125 0.04921875 0.09921875
2 0.09140625 0.36484375 0.0359375 0.08125
1 0.825 0.02734375 0.0421875 0.05390625