1 0.76953125 0.4484375 0.06015625 0.0828125
1 0.47265625 0.4609375 0.05546875 0.06328125
1 0.3609375 0.4109375 0.03125 0.04375
1 0.38984375 0.815625 0.046875 0.078125
1 0.25078125 0.553125 0.05078125 0.06015625
1 0.11796875 0.60703125 0.05546875 0.071875
1 0.16171875 0.43515625 0.02578125 0.04921875
1 0.56015625 0.25625 0.02734375 0.046875
2 0.26875 0.3609375 0.0296875 0.03125
1 0.52890625 0.3921875 0.0296875 0.06328125
1 0.1546875 0.2515625 0.02109375 0.0375
1 0.93125 0.5234375 0.0484375 0.05546875