1 0.796875 0.53828125 0.09140625 0.13671875
1 0.56484375 0.6515625 0.146875 0.22109375
1 0.2578125 0.71796875 0.1546875 0.21015625
1 0.40703125 0.33203125 0.06875 0.09921875
1 0.49765625 0.246875 0.06328125 0.09453125
1 0.615625 0.3859375 0.0796875 0.1171875
1 0.95390625 0.28359375 0.06015625 0.1140625
1 0.95546875 0.13828125 0.06875 0.071875
2 0.8296875 0.234375 0.0734375 0.10546875
0 0.0875 0.2359375 0.06796875 0.15625
1 0.35859375 0.20234375 0.046875 0.06796875
2 0.2375 0.11953125 0.05078125 0.0703125