1 0.21171875 0.809375 0.09921875 0.1578125
1 0.11875 0.55390625 0.084375 0.125
1 0.3140625 0.47109375 0.06015625 0.09140625
1 0.47890625 0.49375 0.071875 0.09453125
1 0.76953125 0.5953125 0.078125 0.10078125
1 0.86796875 0.88828125 0.11875 0.153125
1 0.959375 0.69765625 0.08046875 0.1609375
1 0.953125 0.453125 0.046875 0.04921875
1 0.8890625 0.371875 0.0328125 0.04375
1 0.771875 0.3390625 0.0421875 0.0703125
1 0.6171875 0.3859375 0.06328125 0.1140625
1 0.69375 0.4109375 0.0359375 0.05234375
1 0.95625 0.34765625 0.034375 0.0375
1 0.30859375 0.346875 0.04921875 0.05703125
1 0.4203125 0.3703125 0.0390625 0.06796875
1 0.24140625 0.4765625 0.04375 0.06015625
1 0.06953125 0.29296875 0.02578125 0.0421875
1 0.71640625 0.484375 0.06015625 0.0828125