1 0.165625 0.37421875 0.1125 0.17109375
1 0.09140625 0.21484375 0.071875 0.1109375
1 0.41015625 0.35625 0.05703125 0.08125
1 0.53671875 0.246875 0.09609375 0.12734375
1 0.6765625 0.25234375 0.04921875 0.084375
1 0.8125 0.25859375 0.05390625 0.08984375
1 0.8921875 0.2296875 0.05078125 0.06640625
1 0.8890625 0.43984375 0.10234375 0.13828125
1 0.43828125 0.2140625 0.06171875 0.06796875
1 0.8625 0.1171875 0.0359375 0.05703125
1 0.45625 0.2859375 0.04921875 0.0796875
2 0.64921875 0.121875 0.0421875 0.06640625
2 0.74296875 0.2015625 0.0375 0.06875