1 0.85625 0.08046875 0.0421875 0.046875
1 0.86015625 0.19140625 0.04921875 0.05234375
1 0.7796875 0.25625 0.06015625 0.0765625
1 0.93203125 0.3359375 0.05859375 0.0703125
1 0.971875 0.63984375 0.05625 0.0703125
1 0.659375 0.48671875 0.0421875 0.06328125
1 0.68515625 0.25625 0.0484375 0.06171875
1 0.571875 0.81796875 0.04921875 0.0859375
1 0.525 0.74296875 0.05546875 0.06484375
1 0.36875 0.91953125 0.06171875 0.084375
1 0.503125 0.415625 0.05703125 0.0734375
1 0.48515625 0.2640625 0.05703125 0.0734375
1 0.49375 0.134375 0.046875 0.06171875
1 0.28515625 0.0578125 0.05078125 0.06171875
1 0.24609375 0.25859375 0.05078125 0.05078125
1 0.2515625 0.496875 0.040625 0.0828125
1 0.0546875 0.34609375 0.046875 0.0703125
1 0.09609375 0.775 0.05703125 0.09296875
1 0.01796875 0.87890625 0.0359375 0.1078125
0 0.14375 0.70390625 0.05234375 0.0828125
2 0.0484375 0.03515625 0.046875 0.06484375
2 0.05859375 0.47265625 0.0390625 0.06171875