1 0.49296875 0.2421875 0.05078125 0.1140625
1 0.60546875 0.23828125 0.0453125 0.06796875
1 0.696875 0.3203125 0.02734375 0.0328125
1 0.76484375 0.27578125 0.0390625 0.05546875
1 0.85234375 0.32421875 0.0375 0.0484375
1 0.27109375 0.32265625 0.040625 0.05703125
1 0.4203125 0.3171875 0.0390625 0.06015625
1 0.08046875 0.31640625 0.04375 0.06796875
1 0.9390625 0.3015625 0.0296875 0.046875
1 0.15078125 0.2828125 0.0375 0.046875
1 0.2015625 0.25078125 0.02734375 0.0390625
1 0.28046875 0.22734375 0.02578125 0.03125
1 0.97265625 0.28828125 0.02265625 0.0359375