1 0.9125 0.44375 0.06484375 0.109375
1 0.68671875 0.36484375 0.0453125 0.08984375
1 0.80234375 0.34453125 0.0453125 0.06171875
1 0.57109375 0.34765625 0.0421875 0.0765625
1 0.4578125 0.2328125 0.034375 0.0453125
1 0.40546875 0.2359375 0.0328125 0.05390625
1 0.2625 0.25078125 0.03125 0.05078125
1 0.18359375 0.24453125 0.0328125 0.0421875
1 0.05625 0.2765625 0.034375 0.06015625
1 0.52578125 0.1640625 0.0296875 0.0484375
1 0.81015625 0.1796875 0.0359375 0.05546875
2 0.67265625 0.20859375 0.04375 0.075