1 0.7796875 0.475 0.05703125 0.09296875
1 0.94140625 0.3453125 0.05546875 0.06875
1 0.83125 0.19453125 0.04375 0.06484375
1 0.696875 0.134375 0.0390625 0.0703125
1 0.496875 0.40859375 0.05859375 0.09296875
1 0.075 0.68125 0.1234375 0.265625
1 0.35078125 0.178125 0.04921875 0.0828125
1 0.2578125 0.165625 0.046875 0.06875
1 0.3265625 0.05703125 0.046875 0.071875
2 0.42890625 0.06484375 0.034375 0.05390625
2 0.53828125 0.0796875 0.02890625 0.084375
2 0.55390625 0.25859375 0.04375 0.071875
2 0.5921875 0.2015625 0.0359375 0.06015625