1 0.684375 0.4171875 0.0859375 0.121875
1 0.490625 0.33671875 0.0734375 0.09921875
1 0.2078125 0.8609375 0.121875 0.1625
1 0.7640625 0.7859375 0.0796875 0.10546875
1 0.83515625 0.49296875 0.08125 0.1203125
2 0.3671875 0.6609375 0.1125 0.13828125
2 0.06328125 0.48203125 0.084375 0.1140625
2 0.63515625 0.6609375 0.071875 0.1078125
1 0.93046875 0.31171875 0.06796875 0.0765625
2 0.97734375 0.08671875 0.04375 0.06171875
2 0.87109375 0.13828125 0.0484375 0.06640625
2 0.75234375 0.265625 0.05390625 0.078125
2 0.57109375 0.2484375 0.05390625 0.0796875
2 0.63125 0.1078125 0.06328125 0.09765625
2 0.73828125 0.1046875 0.05234375 0.06796875
2 0.440625 0.14453125 0.04921875 0.0875
2 0.2359375 0.11796875 0.05703125 0.09453125
2 0.09140625 0.1234375 0.05390625 0.08984375
1 0.14296875 0.075 0.06015625 0.075
2 0.2203125 0.47109375 0.0765625 0.115625
1 0.50390625 0.109375 0.06171875 0.08125