1 0.4546875 0.475 0.04921875 0.06640625
1 0.35234375 0.28671875 0.046875 0.075
1 0.17265625 0.30859375 0.0359375 0.05859375
1 0.0890625 0.259375 0.0359375 0.06484375
1 0.40703125 0.271875 0.0375 0.05859375
1 0.55859375 0.271875 0.03828125 0.0625
1 0.478125 0.2671875 0.0265625 0.046875
1 0.7125 0.34765625 0.040625 0.06875
1 0.7734375 0.25703125 0.025 0.0484375
1 0.88203125 0.2328125 0.03359375 0.05078125
1 0.94140625 0.2515625 0.03828125 0.0609375
1 0.61328125 0.3015625 0.0359375 0.0578125
1 0.528125 0.27109375 0.025 0.0609375
1 0.303125 0.234375 0.0265625 0.04296875
2 0.80859375 0.2546875 0.0359375 0.0453125