2 0.5078125 0.43828125 0.05390625 0.10078125
2 0.2828125 0.68984375 0.04375 0.075
2 0.27421875 0.9453125 0.046875 0.08984375
2 0.278125 0.8265625 0.0484375 0.078125
2 0.4 0.82734375 0.04375 0.0796875
2 0.1796875 0.8125 0.05546875 0.06640625
2 0.02734375 0.7921875 0.05390625 0.10078125
2 0.125 0.63515625 0.0328125 0.05390625
2 0.03671875 0.628125 0.03125 0.0390625
2 0.15703125 0.5984375 0.03125 0.05546875
2 0.234375 0.5921875 0.02734375 0.06015625
2 0.6578125 0.76015625 0.0359375 0.05078125
2 0.821875 0.765625 0.0421875 0.0765625
2 0.890625 0.8578125 0.05703125 0.1078125
2 0.946875 0.64296875 0.0484375 0.08125
2 0.78984375 0.615625 0.040625 0.084375
2 0.8578125 0.58671875 0.0296875 0.046875
2 0.98046875 0.5359375 0.02578125 0.05234375
2 0.9640625 0.4796875 0.02890625 0.04375
2 0.7109375 0.478125 0.02734375 0.046875